binary_logloss-mean,binary_logloss-stdv
0.667718720418,3.02181008371e-06
0.643775872147,3.88000674087e-06
0.621194481479,6.18239486893e-06
0.59987090845,6.69830161884e-06
0.579706877344,8.84161616016e-06
0.560619376732,8.68983082383e-06
0.542528558797,9.69491919247e-06
0.525369761436,1.12193589709e-05
0.509075329429,1.11234871588e-05
0.493591432698,1.11693292243e-05
0.478863179432,1.18528475026e-05
0.464844685924,1.26008324898e-05
0.451495122268,1.18962116681e-05
0.43877164385,1.31164544748e-05
0.426640894291,1.37552952094e-05
0.415066748818,1.41579629756e-05
0.404019226737,1.48112197331e-05
0.393472274499,1.53344947176e-05
0.383390838677,1.57317441571e-05
0.373756308307,1.66611855523e-05
0.364544018782,1.74914775753e-05
0.35573207632,1.71657382906e-05
0.34730383068,1.82726556686e-05
0.339236203989,1.82627728826e-05
0.331509506705,1.97672083032e-05
0.324111530892,2.00481940522e-05
0.317025146937,2.01026158543e-05
0.310233657553,2.01308148734e-05
0.303726906723,2.13746147595e-05
0.297490858083,2.24520071372e-05
0.291518541622,2.19800418648e-05
0.285791638925,2.13340516375e-05
0.280299495517,2.23484160267e-05
0.275026810934,2.29762122224e-05
0.269972155533,2.32155084428e-05
0.265120748349,2.33708065479e-05
0.26046780558,2.45072473138e-05
0.256003471527,2.50243704806e-05
0.251716552344,2.56747415271e-05
0.247602343446,2.62522777664e-05
0.243655121089,2.71329173403e-05
0.239867183447,2.76920752526e-05
0.23623137627,2.77972326615e-05
0.232744091943,2.82489429363e-05
0.22939703615,2.90245058935e-05
0.226180798795,2.90701811518e-05
0.223096629305,2.90555836314e-05
0.220133203675,2.96070666669e-05
0.217289142067,2.86923782094e-05
0.214564133564,2.89542058098e-05
0.21194517052,3.03497160693e-05
0.20942930263,3.05770421275e-05
0.20701577899,3.07870068028e-05
0.204704709006,3.10282021839e-05
0.2024841489,3.13397468003e-05
0.2003484111,3.17742775785e-05
0.198305832326,3.14426467034e-05
0.196349401843,3.12182750164e-05
0.194464560297,3.25408036989e-05
0.192662313668,3.28941159045e-05
0.190928233709,3.3886809051e-05
0.189266050925,3.45885358078e-05
0.187673046267,3.50086427355e-05
0.18614527102,3.50951482488e-05
0.184679292771,3.56998044504e-05
0.183276793829,3.59224697468e-05
0.181927167862,3.64603473415e-05
0.18063358221,3.74573442893e-05
0.179394288627,3.6725421463e-05
0.178206208802,3.60843225299e-05
0.177069116827,3.75418323556e-05
0.175984681224,3.71377983253e-05
0.174944693702,3.64151818799e-05
0.173946153449,3.74246050075e-05
0.172990040329,3.6670623968e-05
0.172070198176,3.78589240477e-05
0.17119004078,3.99201308871e-05
0.170350658249,4.07287282605e-05
0.169547661811,3.98976574579e-05
0.168774936626,4.1127381743e-05
0.168035358899,4.1972366077e-05
0.167331426145,4.07189227926e-05
0.166653192323,4.00344843548e-05
0.166006807414,4.00663594422e-05
0.165387861683,3.96136693098e-05
0.164798524727,3.93258507343e-05
0.164230823853,4.00738210614e-05
0.163691505982,3.85363577742e-05
0.163177343481,3.98082163134e-05
0.162684134628,3.88052638024e-05
0.162208269376,3.8114863504e-05
0.16176043904,3.69433973764e-05
0.161329397688,3.72994408881e-05
0.16091397477,3.76129139538e-05
0.160519806802,3.86270247839e-05
0.160143690479,3.85851992577e-05
0.159780127147,4.06341823727e-05
0.159435145619,4.23401420687e-05
0.159108002365,4.14196818781e-05
0.158793907504,4.12910267649e-05
0.158493485617,4.12595823986e-05
0.158210631728,3.94078340834e-05
0.15793714182,3.8641338034e-05
0.15768072168,3.9217104191e-05
0.1574316502,3.76067156899e-05
0.157194392666,3.74356373803e-05
0.15696955069,3.594803894e-05
0.156749407034,3.86190367776e-05
0.156540983492,3.85366273772e-05
0.156341946948,3.66826408849e-05
0.156157871667,3.67679438511e-05
0.155978318139,3.68844282106e-05
0.155807273396,3.59810622748e-05
0.155641169527,3.77036610388e-05
0.155484605446,3.78734534448e-05
0.155335962008,3.76787956682e-05
0.155196099313,3.87366066719e-05
0.155059925431,3.94842294948e-05
0.154932889098,3.94806499304e-05
0.154809480531,3.94552742052e-05
0.154691522421,4.08465839813e-05
0.154579587201,3.95162997673e-05
0.154473961489,3.86660183291e-05
0.154369133249,4.04345178139e-05
0.154270566402,4.26550035935e-05
0.154176271181,4.18132503922e-05
0.154086961723,4.10453142664e-05
0.154004894307,4.01652729287e-05
0.153921633232,3.83373980946e-05
0.153842865529,3.9625004385e-05
0.153769912933,3.89900856997e-05
0.153695954426,3.96120872892e-05
0.153628255614,4.0085453015e-05
0.153562751992,3.84006033969e-05
0.153501690139,3.84753562511e-05
0.153441463394,4.04407229999e-05
0.153383734448,4.0174036604e-05
0.15332659066,3.93024005748e-05
0.1532751517,4.20873232012e-05
0.153226868579,4.31805902574e-05
0.153180046591,4.5102392937e-05
0.153132822167,4.45437617474e-05
0.153086498001,4.39023674968e-05
0.153044820227,4.55359048269e-05
0.153006645362,4.69355895969e-05
0.152968860714,4.83795641286e-05
0.152931595161,4.88633141158e-05
0.152893296792,5.01596651141e-05
0.152861070682,4.77967469217e-05
0.152829308061,4.77401716334e-05
0.152798653697,4.82327164349e-05
0.152768372779,5.02134030127e-05
0.152738944609,5.03337726349e-05
0.152709528335,4.9841812604e-05
0.152686466623,5.07256684449e-05
0.152664439695,5.21098810074e-05
0.152638359152,5.16794898505e-05
0.15261479793,5.15777323132e-05
0.152590295599,5.28182910545e-05
0.152568140176,5.27560644201e-05
0.152549591404,5.1629898706e-05
0.152529354207,5.10161202277e-05
0.152507737175,5.33770515324e-05
0.152491536097,5.30078829062e-05
0.15247368337,5.38713062581e-05
0.152455950212,5.62550190302e-05
0.152439695282,5.51167748288e-05
0.15242068604,5.54592637769e-05
0.152407839341,5.66018084588e-05
0.152395398254,5.9383726853e-05
0.152381213074,6.15707828118e-05
0.152365509242,6.16330724241e-05
0.152351682631,6.10783750787e-05
0.152338036712,5.99345583811e-05
0.152326482546,5.85827800755e-05
0.152316450035,6.15248992696e-05
0.152305165456,6.25965826344e-05
0.152292557889,6.33239827824e-05
0.152280047376,6.26502043685e-05
0.152270314409,6.45853711064e-05
0.152262652254,6.34469504732e-05
0.152252511905,6.27054680806e-05
0.152240589812,6.24518590648e-05
0.152233531285,6.28192897702e-05
0.152220547146,6.08438477193e-05
0.152210467651,6.12335723061e-05
0.152202986794,6.21246145053e-05
0.152194294213,6.21959181505e-05
0.152184994655,6.3513654279e-05
0.152177672394,6.51651752461e-05
0.152169378214,6.55178571473e-05
0.152163746075,6.58786399916e-05
0.152158020055,6.48181911104e-05
0.152151464125,6.37111738773e-05
0.152142810021,6.64085819489e-05
0.15213268836,6.76060885134e-05
0.152128082855,6.71440991155e-05
0.152119286349,7.03848848723e-05
0.152110097022,7.33895537109e-05
0.152105888795,7.40818555794e-05
0.152099717768,7.49857351337e-05
0.152093087894,7.51650853601e-05
0.1520835533,7.64210864839e-05
0.152077826647,7.76304916429e-05
0.152071143832,7.73165338667e-05
0.152063320861,7.64673927275e-05
0.152058760803,7.67024538339e-05
0.152051820229,7.71561743395e-05
0.152045739776,7.68020187675e-05
0.152042674901,7.7146156161e-05
0.152036919388,7.77643227298e-05
0.152032676564,7.89106824701e-05
0.152024881267,7.93737833056e-05
0.15201971568,7.74193314091e-05
0.152014183266,7.79961760597e-05
0.152009530559,7.80189537729e-05
0.152005284364,7.80860845278e-05
0.152001287863,7.62884969792e-05
0.151996172172,7.69207319262e-05
0.15199260453,7.67879296747e-05
0.15198998239,7.62976582536e-05
0.151987973716,7.62454001266e-05
0.151984236396,7.64121132151e-05
0.151982485584,7.63548517018e-05
0.151979269384,7.79850383064e-05
0.151975364084,7.75242907047e-05
0.151973329186,7.75872390895e-05
0.151970455597,7.89815333227e-05
0.151968422826,7.96994452905e-05
0.151965402544,8.08417502158e-05
0.151963999622,8.13967265194e-05
0.151958491664,8.2840152563e-05
0.151956800839,8.36940672082e-05
0.151952771437,8.43587234084e-05
0.151950050524,8.25838795478e-05
0.151946888833,8.39922365233e-05
0.151942156402,8.43060234614e-05
0.15193908826,8.67099967723e-05
0.151936623083,8.53580894631e-05
0.151931907437,8.53274205595e-05
0.151927433177,8.7103184923e-05
0.151921902467,8.8201517233e-05
0.151919556766,8.89215710359e-05
0.151917382653,8.98139068543e-05
0.151917235973,8.96173953139e-05
0.151912574891,9.00063588909e-05
0.151908564411,9.01836231653e-05
0.151906114255,8.99221747845e-05
0.151904440038,9.10373124631e-05
0.151902220683,9.30035452725e-05
0.151899757989,9.49180077065e-05
0.151899485826,9.52206975967e-05
0.151896224547,9.57229218478e-05
0.151894499544,9.66091183164e-05
0.15189144511,9.52663747061e-05
0.151889126433,9.55645203291e-05
0.151887352251,9.56085070446e-05
0.151885821386,9.55991634996e-05
0.151883669372,9.64837984399e-05
0.151882092821,9.63520516946e-05
0.151880822663,9.49299439414e-05
0.151880697995,9.45450931895e-05
0.15187942173,9.52585074912e-05
0.151879274278,9.44938281246e-05
0.151878777672,9.39460780966e-05
0.151877448615,9.5427150775e-05
0.151873373433,9.45544606219e-05
0.151869032661,9.50932668515e-05
0.151866973261,9.48859233e-05
0.151867521535,9.54646146029e-05
0.151865609471,9.54526668722e-05
0.151863835785,9.54055843313e-05
0.151860421772,9.40145459536e-05
0.151859540254,9.5476173457e-05
0.151857874516,9.58293503459e-05
0.151854649342,9.59783459636e-05
0.151852336734,9.57646878437e-05
0.151851595163,9.38705454236e-05
0.151851604444,9.34969702495e-05
0.151850816363,9.52434052409e-05
0.15184934459,9.63662117711e-05
0.151850028791,9.62019389082e-05
0.151847569517,9.48841684831e-05
0.151848714772,9.50222095558e-05
0.151850896139,9.52324108076e-05
0.151849822048,9.56226335399e-05
0.151850039533,9.75976377242e-05
0.151849208064,9.72819727725e-05
0.151848967045,9.83197481555e-05
0.151846967732,9.86131946888e-05
0.151843498207,9.84384346449e-05
0.151843785934,9.87037714742e-05
0.151842364909,9.85716502622e-05
0.151840663171,9.75692681394e-05
0.151839097209,9.87034674915e-05
0.151839266045,9.81245064047e-05
0.151840624538,9.84053613994e-05
0.151838391245,9.81974412943e-05
0.151836499796,9.84137203894e-05
0.151834391113,0.000100706747072
0.151833917569,9.99485513725e-05
0.151833290654,0.000100289846501
0.151833342378,0.000100398830817
0.151831479367,9.96672847344e-05
0.151829645154,9.91544902648e-05
0.151829905086,9.7720144406e-05
0.151831664425,9.82163175997e-05
0.151829556335,0.000100539456038
0.151828849422,0.000100663430569
0.151830009877,0.000101921905961
0.151828958326,0.000102514990375
0.151827491861,0.000102383356529
0.15182617328,0.000102734956631
0.151825710413,0.000102599172978
0.151825945079,0.000104032535313
0.15182376341,0.000105841487518
0.151822877832,0.000104981413645
0.151822364526,0.000106318753282
0.151821981971,0.000104734606483
0.151821020005,0.000104275142779
0.151821362252,0.0001068623219
0.151822729156,0.000108762766
0.151822635204,0.000110341430723
0.151822128626,0.000111202700751
0.151823145733,0.000112117142564
0.151822664213,0.000111961825955
0.151822158096,0.000112611632915
0.151822665775,0.000111809455912
0.151821033928,0.000111197684236
0.151822793283,0.000111713603484
0.151822090282,0.000110998681803
0.1518217719,0.000109811238499
0.151822676751,0.000110894068199
0.151822705997,0.000109708180762
0.151822221389,0.00010983840217
0.151820785049,0.000110173939062
0.15182024049,0.000111317334635
0.151821255007,0.000111917258231
0.151821108206,0.000111238186343
0.151822805925,0.000111475035551
0.151821002076,0.000110402538002
0.151819930348,0.000110152805414
0.151820050472,0.000111729213447
0.151821444715,0.000112667557695
0.151820321662,0.000112773043199
0.151818220388,0.000111356364507
0.151819163601,0.000111658203477
0.151819225002,0.000112310245275
0.15181867109,0.000113611091573
0.15181849807,0.000112808722891
0.151819552957,0.000113549979396
0.151821162276,0.000113544695666
0.151820284309,0.000113902488283
0.151818686217,0.000112520604674
0.151819644924,0.000113587631583
0.151820548986,0.000114080294275
0.151818883123,0.000113249161082
0.151817988444,0.000114584302436
0.151819062809,0.000114568365629
0.151819824399,0.000115459318353
